3.2132890942632493
0.21763684662239635
3.7142533515527942
5.061326854842637
2.878152743553806
2.966369120313673
3.4059992501191503
2.3272508360543163
3.2404237264611235
2.792670424200366
1.8671624808217517
2.029740297782057
1.870226831125862
2.9012821650611103
2.4849250680020014
4.136773593947642
2.647480433795452
2.685009541674436
1.27216688702952
3.975200128916961
3.572061817398951
0.8334388397110004
3.338801349340178
3.493816580272188
3.3483932724370495
4.306306089986329
2.7498083140457843
3.626397572941206
3.944293548495575
3.603663109096043
4.260792540166119
3.767845669995311
0.6691069470673221
2.4833990450268817
3.039306106576057
3.0899536763165387
5.039165271259534
3.167182120865644
3.6369897207897144
3.566549954472689
3.0736927425521916
2.3322107959651315
4.175272480052658
1.7610844312786744
4.122903158734808
3.1404213628421043
2.517544144360804
2.494480339687476
0.6800277424435581
1.6735531187251225
4.941541221211784
2.8938117641358203
1.5088878004384212
4.430792379071023
4.019072927920432
3.0365943347337865
2.7222353599506213
4.7028537467674205
2.020310654841739
1.1627879386082527
2.719128883523478
3.6865408632667567
1.6202556086270845
3.4926479074428776
2.090143979170506
3.575788672496085
3.0448564103685727
2.161602867293709
3.6305494456321394
5.307709301418394
2.0806726617833
3.246396059537383
2.9905844590981525
3.4719325245976416
1.7187023885570119
0.8636896472554745
3.5243382984064486
2.9447677344434506
2.0045139845518913
3.717473458591946
1.822506318294184
5.0208803145545176
3.6492301333866477
2.22722625573064
2.463541551101449
2.091312557087399
3.1972091425924463
3.425214158019983
3.29203813667407
3.4182545414361956
4.3611698004927835
3.922859077081483
4.482571357654853
1.3468689854614972
-0.08422258860228027
1.6899371171001067
3.5122244475421285
2.239760398575162
3.2390827656982806
3.233054464700586
3.5813993814183394
3.457609666196558
3.124570568801464
4.45113351967813
2.5388259712859824
1.6729863447291564
2.8924765703305524
4.388260717299293
2.01615657753969
3.1060079045189086
4.632884493781668
3.7579565929890624
3.0798912517568757
3.1098948731694245
2.567126403686316
4.345324453016288
2.595476504573684
2.40033958766492
2.545391608442607
3.069928162050671
3.417755112066302
2.234135179490406
2.707339760920543
3.0651249552057855
3.328230188602225
2.5870108338581503
3.9314035370531846
3.6071789638311453
2.1611228676692185
3.105586872656241
4.540315183911964
2.6169468650581122
3.534292559405107
3.6271521242012557
5.04555088086429
4.162158291843071
3.957687829049451
3.0765724652635695
2.0118779194273433
3.7929020571658976
6.055680043492367
3.196715575146072
3.125777600513291
3.72333740665975
1.4661508850885296
4.350899348845975
4.622042986147656
3.698475981485601
2.8308172544032777
2.0215113642961566
3.219833071387672
5.008254770956224
4.137784070069276
3.5840786461938685
1.596770667511677
1.867193410995866
4.243653749371934
3.7027594337042444
3.499564501399671
2.3949668586452924
3.6384014285525135
3.468472651767201
1.5805015853002564
1.5099707709872006
3.593819375598649
2.8713945446578473
3.4614861874217775
3.48380033553084
2.640666082729369
2.8888908340647426
2.6546241644584043
2.7202426118968637
3.092134471420092
4.349516031803403
2.283240493365665
2.2437129773218656
3.5116671439743716
1.3622501218430134
2.994411992469548
4.360727757032813
3.0394268564885616
2.1852532293021167
5.680673417702774
3.1696045159845845
2.8547123945878554
3.9456970614817193
3.9418657807833135
1.4926951504860788
3.4363947137084043
1.4535455430777329
3.896149735585612
2.0957784029032194
3.1131012617346077
3.97834064450763
3.3385847719321604
1.7695482514395866
3.134228172255702
2.1956364155788513
3.1815578879837134
3.013616430102148
2.5292069364950818
1.7733087628557902
1.210862373214063
1.3283148553655308
3.2177818067158803
2.902515594246892
1.5553494980988012
3.8019774402359148
4.553872303777661
3.864937609258389
3.634021397350813
5.150404987130173
4.106627566669831
2.987169689293583
3.167211199657176
3.9715249077537518
1.6070435571235104
2.6193419361108523
2.6919751885635748
3.5731209130398085
2.738995944967134
2.7270992846735806
5.322788625525756
5.236762765083428
4.021769522637626
2.269891194753857
2.3005428769007397
3.965078260331498
2.7551140213900305
4.249624393681051
4.1417781596784256
0.8694163682250036
3.6406250260943596
1.5729893077680106
2.6807114841820274
5.88683643131261
2.466803608734618
4.7505573264359455
1.1476204809167727
1.7137468203477348
1.9200723176287053
4.194370531191363
2.249391605689599
4.218246159534169
2.9788514304802
2.4998000480924047
3.065568313927889
3.364118957256636
1.0765997591543612
3.532720883757118
3.026806744538495
3.5039812507296872
3.2598337345444044
1.8119901811273518
1.8070632043928299
2.303567657523122
3.8626152461301513
1.976010878822619
4.556760373325224
3.6302051420609134
3.6184805641170663
1.7174701397279424
4.486207730062974
2.4795063232635774
4.750015774162457
0.9623629929646884
3.498378292711047
3.2120553736573485
4.0200094466446235
3.346830273061619
3.3741858499535953
2.869829716970278
3.5887915611706624
0.9436678820815403
3.5413897982707727
2.713880865109873
1.8685631276325467
4.942988658734848
3.182656274369237
2.099112764465538
1.1358984530087168
3.055188110713945
3.2957145090052093
2.9747473902774604
2.8212403352752218
3.3300729869441223
2.9618494863927602
1.614075786272945
3.8730040461405624
3.1113056949850417
1.1967647441389044
2.650369930615149
3.0405197442379257
2.519381238771531
3.9073032221992237
2.0699500409154807
4.302998083108056
1.3770343882113654
3.975540804154029
1.8458234598941494
2.8080933979393388
3.8023760945733596
2.7016105492906886
3.121679386244157
3.830961947444204
5.046359737982689
3.252124837054389
1.7471349109550698
2.9643049395147694
3.2456632977620896
1.7779892651479976
1.8941888276172654
2.6803950815894027
2.9128330683694887
2.3260359440301794
3.2805282380643495
2.046560675224452
3.308500584448698
4.765500761118195
2.128258874675625
1.41839958062578
3.1770636868372915
4.988953874202139
4.076351833178731
3.628815989861408
3.8974089924630926
2.7232608492409867
3.650691633022071
3.666542329015794
4.5666927862240065
4.294979931765648
4.618807976426999
1.68306081311472
2.442207631360139
3.2134666205142355
1.7221371700185961
3.881973322102345
4.115165263927954
1.5612809617880072
4.852091218226184
2.199117995981816
2.3299259234333762
2.6162236258815006
3.0075530165991835
2.110142290742302
4.225692387220066
3.1448748567539764
2.1996362174981274
4.143850512385967
4.804691236214113
2.351072925253332
3.583601066455269
2.943889961174608
3.2344222887950385
3.63407134504833
3.7505183414856615
2.908324525832942
4.644884613355688
3.73642467782862
1.8980618512893048
2.432636836836709
3.825803975467094
3.7917067454973252
3.260150921713345
1.6828338957432623
3.340532344523433
2.248612996331322
2.1762937608418507
3.071430537129835
2.120004290273834
2.701348800142905
2.193394083295546
3.6431511138404824
2.299682940251338
1.278006986747396
3.3498405479689084
4.317460587180765
2.547022383772889
1.9922945134506211
0.6399023666576524
2.4335802395733386
2.773654817441059
2.29293051585846
3.8368786292281714
2.1267658101781453
4.617485107072448
4.668212441863573
3.0361175228817134
3.1770848598864707
3.135412606009642
3.9691079441599126
0.6771576916124729
3.4498136648051485
0.7141104743303717
2.4587759915609935
3.582705953909851
3.6928036963758033
4.504585982689643
1.9678826627009312
2.963336371225182
3.6290077424355407
1.829689574155024
5.364561385152935
2.3652321897803157
4.173212826840325
3.136633814456444
2.6374706261024086
3.351791247428185
4.380531794717782
4.3269787447531725
3.2188986094183214
2.6236234031405288
1.916831955411987
2.1228393651152855
2.818225247198896
2.0849639796521804
4.522809044060072
3.0380992738577413
4.659478764333049
3.005847438891477
3.203106920056254
3.533048372508204
2.6425583223220315
4.302270715834839
3.0952007992755552
4.344659111124981
3.234896421536246
2.918475097642535
2.560889131822446
4.8893723572000845
4.388200569932408
2.5077376225534436
2.248845081285888
2.3871543773464428
2.8255921944674682
2.1809263683344424
1.793080992333527
2.5930613841475254
5.464202222939214
4.525146871721626
2.8718885983215894
4.583166968903911
1.2058799323496634
3.3301795841744473
1.706363457764478
2.465572008024816
3.688658109389607
4.080907550686543
2.168049474131762
3.8783549637218635
3.4616004168551626
3.395491554718765
2.378359283029521
3.506633257750912
3.870106395386116
5.7298741599404135
2.5569522331835035
3.617010033544926
3.1347605499613196
2.240398875162313
3.741510360243716
1.5767859108083553
3.7598147325000952
3.323457945958607
4.3580937410824285
3.2095925578723445
4.342448292115218
1.5976689768582386
2.99096855026117
2.8816958614975983
4.148096244967048
1.3816162622123613
2.081740545246101
5.012362915546376
1.9326540210594363
2.244012214064435
4.353642236865707
2.4345258465849273
2.8863632875504672
2.820963502952609
2.7422041840631906
1.6555897638776451
3.6996434874037005
1.898241820944587
1.63117087977522
2.6371887752054475
2.8930879223642054
4.016320429952444
3.3455551000904125
-0.7901314791242715
2.7570330275815134
2.2192000706198862
3.679668700989631
4.150865557203131
2.7161097014825524
3.452564147271105
3.6345896221951275
3.17600734473105
3.1052388599481002
3.7935292288694016
3.75860357200892
1.7935934776506908
3.497506547474652
3.336005866685772
3.7088271612227453
2.223625192308343
2.2900469650094424
3.5800148803517855
2.5392198073207144
2.201067416366865
2.5425097455627728
4.027112150476137
5.553789313233323
4.878223005722932
3.9259712684895924
2.4534445504172844
2.9549197515676475
3.652346442381685
2.7895127926236705
2.605738911923964
3.6894156014250203
3.8864256655815943
2.527501229406285
1.5796329811918413
2.6889105398230235
2.694434858342653
2.678019765681945
3.4847192663999293
1.37078131110421
2.0296548253570736
3.3977597872685785
4.5520598871152576
1.4603578482984267
2.289924392836773
4.405291225020456
0.3735446245171432
2.381456690880017
4.138027511165021
4.894510731017842
3.14927696633419
4.092036467246429
1.4785521395175407
4.1204752840308805
3.270471669580578
4.119645530788838
2.960124763353098
2.6520367215713607
2.52814728081307
3.7997165065394864
4.05086720979726
4.590134932121997
2.259189053848179
2.4232671891478366
2.4392371358226574
2.8165958030976403
3.2603724320036145
1.3853291112717108
4.338266005858153
2.984005760039998
4.163311782077249
3.3790912954771377
1.9116229047240358
2.9511175432459553
2.056628322249266
2.0275828563553144
3.1338348456398606
4.388033553105697
2.5281766320960526
1.626938923435399
3.1127029507642408
3.401261275041293
3.873951790923193
3.5161047696798993
1.567731481813535
4.657038942541517
4.200009940112142
4.146356747480407
2.8380857565392255
2.754989652362347
3.161592913816198
2.741563289389851
3.1397708268781415
2.8769180333256923
3.54327006621409
2.6564917535798314
2.8603544379326196
2.2131335822132967
4.678931281536489
3.4836322953759997
4.228572177940146
3.5031399601527826
1.4699546855965242
2.1578476584654367
1.9049128461169123
4.194559808446473
3.8090988939563744
1.5994663563870162
2.7301948691557083
1.9011686459447321
4.111020114513697
2.4549756787182613
3.0968834203739686
2.7504069393912673
2.58202101532938
4.779094460318152
1.3128625593178234
3.8534478094142477
4.38494860580794
4.535120172606838
1.3401814850500287
3.521730474726205
3.1793520474020434
2.675190347011812
2.7246540975439353
3.5155702441516077
3.555358943324739
3.3588726095192096
3.3361305783127446
2.9979039065706607
1.4673573653243224
2.129625937951109
4.280605941960655
3.9522251770488777
3.4597705077249064
3.6182679614371462
3.3269775932086847
2.1475948726168275
3.114719847250813
2.3871277260546266
4.310382960741277
5.4139237245134035
3.0565709569841433
1.2611272471110344
2.200541649061826
2.154555714669982
2.8184599885649013
4.103094417112984
1.4405001741044605
3.0163702121695195
4.728398232556401
1.9999321084653041
2.1898359269971475
1.7053692074698603
3.379454480709931
4.249192379090554
4.718733723812473
1.9607040753074565
3.8635335907848383
1.8341341727268525
3.5581143991034505
3.225043481402259
3.9631721674415354
2.101899487405597
4.379596761297686
0.7991757395207251
2.7854540637415295
3.7228582582280763
2.576794599741955
3.3300043846075194
4.522842783256512
4.107351420354124
1.9230322502006147
0.942554662555263
3.74167862764199
3.0669428065634907
3.247190888789987
2.437634011264287
3.4172872255342486
4.881706556941475
1.9476111954544868
3.3602152270126218
0.7219626348478454
4.198132552116438
1.916161170178522
2.4422314196645822
2.820914787390711
2.459104363479427
4.51422673567571
3.1206066261034446
4.705778502604746
2.778567356462756
3.100672707327189
3.18971632319886
1.8021704514254424
0.924849466517716
3.4146740208418302
1.3149021408480264
1.1082236675937474
1.4409290257133087
2.197885580838889
4.21660286652517
2.1666949097053565
3.2662118539288603
2.91054800842532
4.241202952767808
3.301537580656615
4.803025799524264
4.896864435329734
3.0369210554148096
3.2246535827365923
3.3687495299664976
3.459304276754131
3.004772130803696
2.741568024795476
3.7155825658336923
3.2349295794815274
1.564140204408974
3.9098361401217763
2.8773801909730876
1.1766842380377056
2.9564984751867103
3.341746780089477
3.1347238684352705
3.783038544819729
2.0473417947363104
2.1328407656557538
2.6304214323747264
2.607840242540876
2.282820173685896
3.2661380936020685
3.367444861564959
3.6651025445156913
2.450591729181342
1.674237828235832
3.2096636829427507
1.9990405169823264
3.79325974425422
4.534151441429142
3.0856310353178915
3.0672539789673374
2.8365387282767616
2.7330455746566273
1.6360691590351013
3.345867090472047
3.742399888051755
2.2656340397695636
3.5933565794086126
1.6234922531404774
2.7780167264555407
5.113128267531002
1.3005182206344157
2.3129165997944656
3.314106423077886
2.0941755294098825
4.781073898172232
2.8795343307758747
3.2449895613592235
1.6907299109380194
1.8889271029685983
3.8384758261727248
2.6755823622570096
1.3530964659205544
3.38326747382461
4.649741177892022
2.897494652856062
3.9211668106075583
2.5119605343238245
3.442401200890192
3.2464059127630973
2.7678797920819203
2.353423211734487
2.7620581435940488
0.6221656293202091
2.7873537139999502
1.6481433729501465
3.644474918747563
4.125035113800623
3.3125814490951577
2.298831698421578
2.4413748500681374
2.135376489901881
2.4607387573157795
3.58636743313937
2.975785362353818
1.4068241789392162
2.5050040910522897
2.6311676456376514
4.788817047226162
2.688096053321431
2.93580197537546
1.8864029490960128
3.802030250616376
3.5020738916528606
3.4101899306639334
4.373023809486229
3.9638369590007567
3.939536481737244
2.3646124700831592
3.312393257727188
1.948959760391489
3.401683302649457
4.610449165860466
2.560101473645097
3.953232237934773
5.060605698608429
2.264690209185489
4.009146078121593
4.574817319809469
2.8468404872287665
3.705583860422422
3.913235464828666
1.3606126142726347
2.0899867287605476
5.60269384003308
3.0683736976089557
2.704710682866209
1.5313629038013539
2.1835977444568355
3.0319917523041253
1.0022261959626968
2.518543009496114
1.9746830744932076
2.486057853562534
3.045448531991707
2.3013938897346358
2.9291839058013904
3.455037313053075
2.8553180584211137
2.4439200648112926
3.8257674893333595
3.417039123152029
3.7269232895530853
2.6054709683821597
2.5548116821122013
5.3287861326515795
4.4196020957334845
4.040999726113289
3.0269175859001094
5.462817906956642
3.3331483274766267
3.105732000317332
2.904161339624564
3.2691719474367114
4.429989949006601
3.450138335717808
3.182357752577576
1.2212252342895253
2.7674835113360308
1.530694543994501
1.4116937935216578
3.4027184751381108
2.878237024455604
2.651607817867676
3.149875127662104
0.7629908789523272
3.4232412806768187
4.2851096519154215
4.824703084384536
3.8099836455213865
3.331454456822595
4.190331260974658
2.9089561949219718
3.7870635183445565
3.6772237402316676
2.8843134175210525
1.1348114271279837
3.7003288093228566
2.016920862893024
3.3467373484956164
2.77805930839696
2.0130187716537975
4.246452668839119
3.5686383311747005
0.770287536640657
3.7547840148931066
2.611268493061759
2.030590259902377
4.0426730543797476
3.500163045511715
3.313021219802087
2.2588042442924636
4.035136781585878
3.0413400425083883
1.649062139431232
3.5839593770564004
3.040907679686344
4.44632178806351
2.3906541260570124
3.1245143174058754
4.214598527128081
3.2096491428770273
4.492313151074544
2.6660556389558834
2.1207403837472465
3.224424408179225
4.133216998419476
2.589204789273942
3.2329682046868435
1.2896285212284502
2.3959715847764547
3.173801808899823
2.2048494882321696
1.9152103946417052
2.9558326069657714
1.3331617244780583
2.947273164291151
3.2114426806860856
2.9121870805820156
1.884698356567602
2.8882218410621494
2.8276033510112786
3.6940800448728695
4.358663563228508
1.5602732416856262
3.6556992216457003
2.7797860677437023
2.539354355640159
4.750421646185975
2.2524256468130615
3.314290837062863
2.569416327118721
3.5287618835753682
1.2239340799983718
2.0466772809227547
3.4074735446583864
4.4778637268769685
4.146707231628967
1.0364318391492449
2.178680520148605
4.338659911453452
2.907084460115744
1.7497773644048629
4.067454306753609
3.013991052868062
2.3610109165382527
3.7361992758256344
1.2609886443537426
4.0281174721085895
2.2016562491292393
1.7484720385827675
3.9460622086633004
2.178201158706333
2.5854507290831887
2.3594215406770864
2.1182276985455832
3.5050975097661086
4.861757632341037
4.202877203411104
3.024919397917372
1.5825945166649835
2.266226475620977
3.3609120667172356
1.5657211445844383
2.687130259040672
0.8048310371889889
4.131975983117179
2.79772024804722
3.479161534662808
3.7853199211732953
2.671258629274372
3.9236282895369765
3.7768812631541078
2.7106352783345846
2.9759132408891507
1.4299587152406465
3.018406239764076
2.539313325245547
2.453216863630268
2.9900197632081906
3.628769917525441
4.249456184248465
3.3003555750020417
4.633242244016167
1.6162962361032718
4.188245609866593
3.9852246688354542
4.556087929426407
2.5622154722097834
2.874840412852154
3.631053208323419
2.55858849114773
4.158400630861651
1.5994133804731776
2.5842170126244817
2.741456395767471
3.2128136687686553
2.1621818206515737
2.288216253099624
4.172507362737907
1.4226527797159232
2.722205351102715
2.9929881239828715
3.562817067147866
3.231171789932217
3.7509891217253637
4.7688395126383805
3.566241629094105
5.218974506761552
3.0303703064512026
1.4809048385197372
0.9494710043117189
4.015535643231104
4.478638687135485
3.473255793104848
3.5314033626130388
2.192800118355422
2.8601566759992547
3.2226294294394275
3.742346168114039
1.0565677371616402
