1.5336080742466818
1.4923235708569054
0.23702853910019794
-0.7256756722983351
1.7273105790070766
1.5946023263981723
0.9492275474114129
2.0602314356952593
0.44729152881162704
-0.0987505200421035
0.21807202848464324
1.3939042254167544
1.716572256074879
1.0392697096257786
0.8669941848692959
1.6895358381484806
2.784359062884098
0.1143672750853224
3.0265764906138153
1.0691894918488827
2.105194497242576
1.5002482217409174
-0.26688671605751013
2.7267653361044215
1.1772066795856848
1.7501424738124831
-0.9496124970945994
1.1716233313293112
1.2742409250710225
0.729243774303755
2.1958416441047177
1.315567795876638
1.2777946991243458
0.3123466325977158
0.5986955809172767
-0.017134243748404776
0.32171132746997755
0.15861640854435455
-0.7167495976419176
0.8487289762836072
2.3237582116359485
0.07211131973180795
0.10107788558091446
-1.4170644045382987
0.3269026560404814
2.164326220567136
1.395843984605492
1.2894901765581825
1.1708177140904312
1.7879931915771192
2.854429720159204
1.8371899124501812
3.372607560074595
0.48860076876226544
1.2375205852068083
1.4039813765423612
-0.9972285389727751
2.3713063434595414
1.9535233938956136
1.6269039130992005
0.8260302237224404
0.26298353616226533
1.8576527976421398
2.5608773992768255
-0.9847064776450185
0.7263329479712384
-0.26145241544748066
1.012935004870366
2.829878391871069
1.0978689429939676
-0.35136749162255065
0.7060942488588631
3.5751649764034688
0.8208521290973976
-1.1756784650717162
0.5728359639086524
1.2752381613794852
1.4751350465411104
2.0769288903235754
1.3567164232983528
1.8044606021130711
0.7456283462193776
0.4594994119858864
0.2110490034066148
0.6802879188858012
1.2651543758989083
-0.26268330283948016
0.2336890977495525
-1.1759535212761318
1.596048832839092
3.8301263430343724
0.8945433170077703
2.55742799150295
-0.217929992265828
1.5546610957616624
-0.20279936411609545
0.745104515481402
0.2713045316020124
2.8079313079122246
1.201055290306613
0.37427900179951235
0.9192867648008355
3.113774392854895
2.4012256797937934
0.5639802899268087
1.145629501743113
0.37639955189263496
0.2743401755351751
0.04057364922097817
1.4494393897171536
1.4223426953838785
2.5531513993920267
-0.08356512624705448
0.9566143150624383
0.2088610183921994
0.837114961327043
2.4121061013530456
-0.8933005518842108
0.30108814758573055
1.1034766483101297
0.20751932080699498
-1.102489842601445
1.6098514422292176
2.0018983992336605
0.6110468078549687
2.8255226087662946
3.259696540297726
1.4709677299110278
-0.8510207453514687
1.6613482857887052
1.0383976809443851
0.5070963253806029
1.799421935942543
0.2552402121590115
1.3503715086311694
1.1604080393755998
2.207501211435882
0.9392495597635513
1.4314883059538848
2.2402626575053413
-0.6521199420094788
-0.8471373581466657
1.145699581054067
1.830516166768505
1.0964360364383472
0.21132843037590032
0.008256700769130432
-0.04673539282225647
1.2662437715436112
0.04096888444848645
0.6657643927375452
0.7933722721365115
0.507478407068316
1.8148903004524537
1.1574406420942498
1.3355662081741533
1.8322546294313946
0.45274872890078466
1.5870078546961026
0.6051092490340133
0.8724661043378258
1.5256415108065453
2.2157183959358537
3.058336651422883
-0.40961994025906767
1.472409474144851
1.2130581279237134
1.131886958082243
-0.30297378430573807
1.2551419265125494
3.206771629981579
1.432866881791031
1.588129515630583
2.217369141978928
1.1876225867681605
3.3417982457315625
1.4142138585479453
0.5828278049323772
0.2328007885747484
2.001499393336822
0.9480915277717503
2.548184186389915
0.8205090789699999
-0.17852118533730832
1.5079919289392103
1.239175868499993
1.4228352571340233
1.1553288647300222
0.6072247686126464
-0.2966396661575248
-0.09972994479840769
0.7966950778931868
-0.883892815507733
3.2826073679512215
0.38306362733857013
-1.2478004201743493
0.45608116895263606
2.05183179347906
-0.4188470470371015
0.6331907894058975
-0.5975804247820913
0.6751989514533736
1.9047389790881017
1.7598246658046126
-0.9836481428716275
2.6398137520591813
0.7759356933175887
1.505978187654395
0.6644544348374917
-0.14091562714539752
1.6254554923023106
0.9720579982295499
-0.6945924787885596
1.7260908569634714
0.9877259534632106
3.3911610098841534
-0.7652264546540533
2.6434298663933165
2.424306521761098
1.252213356529567
0.6063973366562188
1.5240498781030336
0.9322743517363373
-1.0003552352204692
0.3695606291242254
-0.8029734283263925
0.5546442806600089
1.8956277239937658
0.9263697401669169
3.01857085007457
-0.9069513649647789
1.1060457968208495
0.5360592025473028
1.1415622451333804
-0.2692595596188503
1.9495476021087295
2.346047108948645
-0.7710459048898968
0.8880400412926672
0.9494393020309145
-0.8555432200738919
1.5196678579266258
1.8152792682118215
1.0184849947866879
2.215256458408821
0.2616246691072843
2.5094791842509365
0.845283432056457
1.1912946595731835
-0.2719377714423552
1.9799753121336263
-0.2314005617005539
0.4844039587904527
1.3611620014605994
2.5174611632214114
2.569561268002116
0.2589480661363889
-0.00373077877376371
2.044252031815067
2.7335046736596236
1.3256102592140278
2.6188878539066085
2.171126232102263
1.3354684855579744
1.0934967806482825
0.44475987846807563
1.384076543033287
-1.7843340555045448
0.5380292791550396
0.6748192229772056
0.1952371481716133
0.8485503245202985
0.44221542240677414
1.3657668508220169
0.9660082701972081
1.291743356385824
0.3937493106457117
1.5843315940033755
3.485122572890458
0.6388216110426741
0.8957465280011452
2.1329488728719896
1.8372272221084966
1.5582061801475708
1.7422686080019052
2.756733009829621
0.4896687594447917
2.196414236057704
0.4231947492975211
1.0372250193695725
1.5657167958276346
2.650149582022088
0.34369849861321844
1.180055131604493
0.6339463965508791
2.210128988281367
-1.5553973425839271
0.6689865914174284
1.230054907253647
0.49975495546742843
0.6373395788200915
1.0021616714787673
0.5567666707168022
1.6773199872345386
0.842023808207573
1.3505402997744897
0.8846092456322199
2.343473442487742
0.3977728798626201
2.9700722675017754
0.6810161917054061
1.46275145490284
-1.219528490089448
0.7709373502858082
1.5981065380774886
-0.5165773971917902
1.3111219382508956
1.686757149468293
2.6634037784743567
2.049864507125603
1.8114875777803534
2.1641934594124015
3.7454899036713765
0.3793941353165904
1.3829666767753723
2.99172569376952
-0.09827974258228167
2.4460531315353293
0.35251271170875265
0.40448349615937096
1.4169457411266173
0.897516626562405
1.344065444583007
1.7715771341956157
2.372596641692759
2.3292877574467457
0.9437856616848612
1.5675676456009748
0.47546226636448463
-0.7037398758638362
0.8933522126091433
-1.023148083089806
-0.37941447916015214
1.4439770096169626
0.5422571793622024
0.6839222960684606
0.12576274724795655
-0.46978579876270543
1.3576919150106748
2.354687632131456
-0.15832660736712012
0.5373163232940759
1.5401139525664087
0.7960680775015592
0.9946658027209984
0.1482256959644941
0.3879732025311933
1.6605302363031131
-0.4780326069215981
1.0937750179424848
1.0124076285812347
1.0051754625606193
0.535807935676275
1.5836478940806356
0.7570435942794709
2.105666017427123
1.3105707254539951
-0.2767270042629839
1.4255065769945352
0.8906441755108949
1.9992887805188428
0.9680850711271977
0.8742094517272796
-0.15324754567247223
0.6775494508528873
1.2920017732368925
0.16141507350966344
-0.31896838442088815
-0.7415648531204868
0.4187691260236921
-0.06682796236762645
1.485440032797117
-0.1295790218041788
-0.3580779254680264
0.23070098694179397
0.9087297572210822
0.38014040495499846
0.5065225618854989
0.9517105169940774
1.2602336077490117
1.1212209775804676
1.4879151789811544
2.4113013274718167
-0.1945162917519303
0.8888024089302673
1.433638055239596
2.0755479425001897
0.7391731737647753
3.2467439783917773
2.7808093966163643
1.8087446532103155
1.2768929989196383
0.8834373632139456
-0.05110834477825743
0.6471237665191837
2.1523506774266856
2.240973463641983
0.6391884891461315
-0.08303972912248181
0.18106930416700984
3.246620477996972
0.2549933745290929
-0.9052017949670268
2.7701511006291724
1.1874172897027975
1.7495542915317623
0.19511080193812502
1.1945922970456166
1.2425324475748647
0.714149851209795
0.0012245397692217663
0.29182804755697345
1.9780209316759416
1.6057363879475717
1.4618562490954952
1.9684290575367518
2.365405161061028
0.25757426242813863
-0.3167616560869253
-0.10042588965511734
-1.191532507290297
1.6616532972580074
1.2819323698395992
-0.37934067449888165
1.5206568534911344
-0.32931805613842435
1.8310494384413367
1.970977564278758
0.8886854576031058
1.266846588110841
2.1720112133677922
0.3509785680040787
-0.6595178787637495
-0.7639438315672169
1.1659710938381742
1.550809374450409
1.1286851192317948
1.7350108217600462
0.6392689084139687
1.0368653114348618
1.6911793583196566
1.143377267491315
-0.8075444126391655
-0.3330563339947108
0.12626294581885078
1.0606447888350607
1.396944968185518
1.4649624472092586
1.0956954940261878
0.3422666427611507
0.8661665891583632
0.11132187350023481
0.3354590475289423
0.20112489207930617
-0.03801972956935651
1.5536055616803242
3.1988727774527352
1.2613049409162043
0.7564417549634523
-0.453984954445698
2.38013522142658
1.816212753027317
0.4749341070190143
1.0194904523988582
3.247407500699048
0.5832671890133352
0.03383167776946261
2.203505669632645
0.37318684633631083
0.03928334632712671
1.3438062990820345
0.3832967806261369
2.592187505467857
2.29158485556525
1.2875756093177602
1.25963672445839
1.9449581782432515
2.109842441688471
0.04328250506485154
1.0247985024700368
1.111540692353183
0.46536280830269605
1.0154326262169913
-0.3019680791621968
-0.694523995128836
0.5259720636492691
1.4174935351985143
1.571845285234331
0.14754184661460223
1.870554786984185
0.3838411270403915
2.5435616866666955
1.6315761299585407
3.0776115075298747
0.32527492044865347
1.3816213080023774
0.24771055685796728
2.1420986097106667
0.8625376018477678
0.10782496725888002
1.9795856276121857
0.6023382546131171
1.2366527328854082
-0.17123678454849123
1.065483804100232
0.4884989071836998
1.3429500694631604
1.5829147600401794
-0.2507950866636153
1.7435822190620123
0.901692477610228
0.5481367586953596
1.297921819482768
-0.48875464175839745
2.502796808948071
1.965923613289594
-1.194780282179324
1.3426730874060282
1.3809577027993143
-0.7672307746705529
1.2180723856408175
1.0017587744786154
2.3715001180284148
2.5067676843054807
1.2503437401268709
-0.11284815853907304
2.388357447963949
1.3762098072729363
2.3707771007178344
1.388609722003887
0.8176585555543637
0.254832148705873
1.1011703707734841
1.057890093365744
1.6892875492242887
1.3119697584672443
0.6486875126519048
0.7558216785146612
1.865075931039225
1.2948155191110684
1.6910643963600414
1.434676573615215
2.2009687328626946
1.1461618686367394
1.479642672455194
2.2730621031488027
2.0041222378355923
0.47231713650936213
1.7982042016567097
0.6572815374162009
-0.25249709926410735
-0.28293605760232343
3.5495535001829115
-0.3596371719039657
3.980375446284147
1.4020661044532927
-0.11867065667118304
1.8059714768882165
1.2982936042811173
0.5659189246518062
2.68141914809122
0.8018880451453977
1.6973141458396022
1.8561862102767788
0.5844961916463665
1.7101669027570598
2.2154836248007554
1.1168075843636658
1.4937716037418705
1.7559108876844918
-0.19064797826099955
2.0300158913664905
4.231264775371523
1.2293475779480414
2.5653282770228842
3.251055211938932
1.1703188089378127
1.4666936884993536
2.131315017035342
1.0205531890992503
2.147264205599226
0.9018595545905784
1.1513879225910182
0.1226895777880701
-0.2770051056224605
1.9620002638856207
0.7018271825139416
0.36681591001043856
0.026414485171257995
1.583717388382825
1.7367532840991782
1.591435532817015
2.802881195681539
-0.5584003857721547
2.24529162367559
0.256348473837546
0.7808969466892142
0.7345593680797294
1.7304436069767195
2.4508464232444767
0.6139914155648178
1.406221214803943
-0.07705381743405515
0.669345319895679
1.5711089072513864
-0.7536931575772892
1.2635809698235962
0.29182191936355617
1.1347643160131977
1.4373030810879661
2.6944709498984762
-0.0031072099155653454
0.48777639285679286
0.36379197754557535
1.4637663634543823
-0.5698481011272427
0.9796558159109585
1.419681465452303
0.8056467839944117
1.621029884999899
0.12691245479671387
1.460321404275922
0.00334213051554888
1.577140688918799
1.8269493171650275
2.779365596228663
0.8460451151328032
2.4644331363646845
1.0551410742219076
0.994192058895507
0.4058954558350213
1.7300599048443641
2.0414297424362227
0.8450430699802556
-0.13058535158737206
1.314536751886779
1.0746168670496241
4.352208252262553
0.4304243191805617
1.375686987651456
0.24055993899845007
0.8669094639987345
2.1341420424365714
1.6389415646399799
2.0898606506010693
0.7304516165620487
1.364819739456358
1.4025157861973119
2.420683679914612
2.902633938652782
0.924473955590535
-0.6981172901503006
1.9848725638753781
0.2292803317656681
-0.0009968148905334928
1.388046023917571
-0.4375577970860447
2.6725679661936215
2.019027653884626
2.027985248753363
0.9206646167176858
2.5439080696260152
1.8790007187652784
0.31402423862308027
3.6333503629207833
2.1586813576169277
2.172415978926564
2.6418205592869297
0.43905645536198934
1.1872174858855995
0.04828771152065969
1.7971019988759624
0.43960320628992366
-1.1163305281140663
2.2471433477766514
0.6469100039718076
1.5407142285453808
1.1916116805232517
0.01636875206179833
0.7931545060044496
1.11420976677349
-0.2893139690323525
0.857839706104295
1.4319020028423979
0.8413768879674924
1.214052213387094
0.139393569543238
1.3828419882012914
1.8951178368682413
2.526523487279471
0.30523927597460687
1.7076674709602653
1.8754835223773738
0.6550559690662887
1.6349199689394704
0.21389549295015464
-0.06081098001855256
0.4789884352024425
2.0759956313759904
1.5973091023239179
1.4982022451120225
1.2852243805220163
1.0789132461061597
-0.285686315425427
1.6845801250414276
0.9312449453046222
1.5778591538970366
-0.610910723520816
3.0435569584985775
0.05893631599519644
1.5967828218741829
0.6792177619710863
1.5078473542540933
-0.6199427895779004
0.3304922944988633
0.49544409185582017
0.034318766782716836
0.8240829762263596
1.6631566436210075
1.2374867364817375
0.9893633489164606
0.8113761464729908
2.302805408337519
2.8337021256532338
1.0573858951046107
-0.33273521205693557
-0.2215097000243298
1.8031829894872349
0.6699010524585648
0.37806649780748336
1.5897848082672732
1.144274329589313
0.132632736006143
1.0814073876677122
1.0918485494408492
-0.5720335762365929
0.5514615323395925
0.5067637594686847
-0.20112109159009472
2.0680671266592014
2.367623845153703
1.247045340751074
1.5956289142705629
0.8645193932616937
0.1701030621279076
-0.1996852925203576
0.9701872031954418
-0.059416432081717874
3.639889730003363
1.9781633156966092
1.601094145018771
0.8051399691538932
1.6810316725865277
0.8993938380024296
0.6168411295599909
0.6735330828701217
0.0049066289667183405
1.5503073547458088
1.0592501258583504
0.877654283163591
1.2871564216758875
2.018753430977407
1.958180538485976
-0.35006253204442506
0.6014951159884409
0.6934811991981485
2.4444943406397117
1.9813486697862366
1.7607812931734084
0.05084356627427755
1.6878055940434762
1.0472563758231057
2.076179570676142
1.2617816569116231
1.8753993646593388
2.085005109155569
1.072879512741081
1.2703025634211966
2.1172558446210994
-0.9752862089068284
-0.3742857708373648
2.060436956982704
0.8459125996749196
-0.8999667561618225
1.2705288967461517
1.4702796619902592
1.331517273184319
0.17665795742934787
1.8529652286100888
1.309475971513343
-0.5228384604074676
2.3426428256098943
-0.4722243967360784
1.2076425960052093
-0.19157351265359024
1.757865147429456
2.5911514973085805
0.7501390780764385
1.8469574112655742
1.4772362545864641
2.4201849304349086
-0.677072484714976
1.0334895202984
2.013159612040282
0.9364106472098637
2.2499976433614224
2.576754964759812
0.6370048224044527
0.30996434935800143
-0.20224233937219727
-0.5400264121299139
1.8183600324340818
0.49956118765846735
2.6171168789270487
1.322532105383723
0.2785240952313448
2.796974529562994
0.1357179944043877
2.04461919250302
1.3624844970873544
1.1227693473135483
1.01397899849931
1.346826675845179
1.398773058447082
2.068961269436695
2.025640607039864
-0.8887327180950901
2.0374936900374845
1.3204460708815768
2.1068048683582026
-1.3284958323752454
1.2687166734362842
0.7580509858680399
1.6558495138841272
0.7430788190316664
1.1369211393645577
1.0046748248932003
2.3729810749514497
1.4326823558098316
1.3743518198621887
1.205351783534511
1.7691003443059028
1.3927731801193506
0.8436042311563413
-0.6065823546709235
2.6192400623174716
0.08904454276123996
-0.10052910771457801
1.2548560952987504
-0.6795672534588466
-1.5647154252380981
1.038753296117886
1.1823804412935193
0.5411056750872087
-0.8334771139505703
0.4725927453016694
-0.20381654549040396
2.8114622844837527
0.029484644095565726
2.40138137795265
2.2797295420268666
1.8285150181628054
-0.271571291105591
1.5097654410192112
1.1098644485995117
0.5905681722658012
1.6799741622630437
-0.6990272611600477
1.0424366458007777
0.7558371802089414
0.17568429689689302
-0.01883994484859386
2.0117050796054894
1.8808938314000372
2.3645873542060056
-0.6951622702071021
-0.16453882708761491
1.5854848201839262
2.499346239341805
-0.26512808191670945
1.407606210475166
1.6419856569393119
1.5146817855154477
-0.19066748778652287
0.04764308066287892
1.0342384243777596
1.0687144908091675
0.48349117312576684
-0.6247226618927006
1.7342796797178677
0.20021584030372097
-0.5290887524157786
-0.6245910866032991
1.518685980743688
1.450140988461262
0.9401329656846965
0.034838473070381015
0.7662807580131273
-0.23715320148379226
1.6495670331660652
0.8640620411324414
1.407719327753589
0.3386703954613489
1.3339882685618842
1.6135581450813705
1.6670102041046333
1.3193919034551764
1.6126355818529485
1.0936647031395692
-0.8084847064988041
1.7204602839626832
2.0595290502080417
2.146051899602364
0.6147875496557447
2.457829391257877
0.020181189928133447
1.3983447353642153
1.4638671197265132
1.7826599152241678
2.7116422706992926
1.9841350340407669
1.79141525349394
1.161322529937769
1.3218801075319966
0.03949314765684131
0.8436372058579831
0.4477837554659827
-0.14857311456632072
0.2976772775143439
-0.150987089037526
1.8387609388914012
1.0392941052181621
1.3769666113224521
0.45876752123187226
0.6780238579017247
-1.1238560975490026
0.9272751005941767
2.150261253687354
0.0560554586837696
0.45273895043836765
1.2690173359961214
1.6509987339803245
-1.1500530047700335
-0.6840555065226863
1.597618094923118
-1.103817174259082
0.8664580702462135
0.7804739949437998
1.784211277550911
1.252795632256487
2.4157857385862522
1.961551122003681
1.1173100771883073
1.4166385707120046
0.7795050140618551
2.0601570647715777
0.03151985846909933
1.5963365381938446
0.5866530223331481
1.5786457721975036
2.4423286221316283
1.0295664467729444
0.8269929999047904
1.6317596839453095
-0.08750399043830392
-1.5341575710580564
0.1703507006678069
-0.7264641714007964
1.7539686919071524
1.262982795482333
0.37764775180727905
0.8897480848672255
-1.5134950645157241
0.7782310918602574
1.338430290524268
1.2760993683508717
1.1759785470327127
0.754354345600647
1.2512300331945605
1.0748389954358455
1.2820742349249392
0.24752272672870057
1.6147329533003854
0.9214316324782414
0.998111449724989
2.947208288800234
0.7680933319540966
-0.24109456011404973
-0.6893468689524367
1.7153084229693767
